timestamp,AccelerationPeakX,AccelerationRmsX,SpeedPeakX,SpeedRmsX,AccelerationPeakY,AccelerationRmsY,SpeedPeakY,SpeedRmsY,AccelerationPeakZ,AccelerationRmsZ,SpeedPeakZ,SpeedRmsZ
2023-01-30 01:18:49,2.819999933242798,0.8016999959945679,1.779999971389771,0.5929999947547913,3.449999809265137,0.9315999746322632,1.809999942779541,0.7050999999046326,6.739999771118164,0.7638999819755554,1.537799954414368,0.5557000041007996
2023-01-30 01:18:50,5.639999866485596,1.333299994468689,1.929999947547913,0.6577999591827393,5.619999885559082,1.348899960517883,1.879999995231628,0.6080999970436096,3.220000028610229,0.948199987411499,1.46589994430542,0.4764999747276306
2023-01-30 01:23:50,2.720000028610229,0.7705999612808228,2.210000038146973,0.7965999841690063,3.179999828338623,0.9274999499320984,2.269999980926514,0.8079999685287476,2.559999942779541,0.7172999978065491,1.689999938011169,0.5582999587059021
2023-01-30 01:28:50,3.240000009536743,0.8089999556541443,1.630800008773804,0.558899998664856,3.240000009536743,0.9328999519348145,1.478099942207336,0.5740999579429626,2.529999971389771,0.7354999780654907,1.416099905967712,0.4782999753952026
2023-01-30 01:38:50,3.429999828338623,0.861299991607666,1.634499907493591,0.6626999974250793,3.629999876022339,0.9447999596595764,1.939999938011169,0.545799970626831,2.839999914169312,0.7691999673843384,1.550400018692017,0.5116999745368958
2023-01-30 01:38:50,12.53999996185303,4.039999961853027,3.299999952316284,1.178200006484985,19.18999862670898,5.089999675750732,3.129999876022339,1.010800004005432,35.63999938964844,12.79999923706055,2.589999914169312,0.8772000074386597
2023-01-30 01:43:50,11.75,3.809999942779541,3.699999809265137,1.106599926948547,16.65999984741211,4.489999771118164,2.230000019073486,0.7998999953269958,34.21999740600586,11.60999965667725,2.789999961853027,0.974299967288971
2023-01-30 01:48:50,5.079999923706055,1.380499958992004,2.149999856948853,0.7148999571800232,6.599999904632568,1.451900005340576,1.809999942779541,0.5996999740600586,3.849999904632568,0.9901999831199646,1.628600001335144,0.5164999961853027
2023-01-30 01:53:50,12.65999984741211,4.059999942779541,2.879999876022339,1.046800017356873,15.98999977111816,5.619999885559082,1.849999904632568,0.6473999619483948,32.0,10.61999988555908,2.349999904632568,0.8299999833106995
2023-01-30 01:58:50,3.119999885559082,0.8610999584197998,1.929999947547913,0.7271999716758728,3.210000038146973,0.91839998960495,2.369999885559082,0.8055999875068665,2.579999923706055,0.7663999795913696,1.547599911689758,0.5491999983787537
2023-01-30 02:03:50,12.34000015258789,3.970000028610229,2.399999856948853,0.8355000019073486,15.5,5.569999694824219,2.149999856948853,0.7896999716758728,30.22999954223633,9.880000114440918,2.359999895095825,0.8297999501228333
2023-01-30 02:08:50,2.93999981880188,0.8086000084877014,1.546499967575073,0.5271999835968018,3.309999942779541,0.9398999810218812,1.63319993019104,0.5842999815940857,2.429999828338623,0.7294999957084656,1.097000002861023,0.4111000001430511
2023-01-30 02:13:50,2.740000009536743,0.7908999919891357,2.180000066757202,0.7642999887466431,3.419999837875366,0.9185000061988832,2.149999856948853,0.7224999666213989,2.490000009536743,0.7418999671936035,1.440699934959412,0.4958999752998352
2023-01-30 02:18:50,9.670000076293944,3.099999904632568,2.579999923706055,0.8905999660491943,14.38000011444092,4.579999923706055,2.859999895095825,0.849299967288971,14.55999946594238,5.139999866485596,2.549999952316284,0.7890999913215637
2023-01-30 02:23:50,12.59000015258789,3.959999799728394,2.720000028610229,0.9370999932289124,17.32999992370605,5.690000057220459,2.639999866485596,0.9294999837875366,30.48999977111816,10.63000011444092,2.599999904632568,1.035099983215332
2023-01-30 02:28:50,2.579999923706055,0.7500999569892883,2.149999856948853,0.8895999789237976,3.25,0.9110999703407288,1.587899923324585,0.6039999723434448,2.730000019073486,0.7328000068664551,1.434199929237366,0.542199969291687
2023-01-30 02:33:50,2.929999828338623,0.8155999779701233,2.589999914169312,0.8391000032424927,3.699999809265137,0.8965999484062195,2.409999847412109,0.7978999614715576,6.799999713897705,0.7604999542236328,1.517499923706055,0.5289999842643738
2023-01-30 02:38:51,3.009999990463257,0.7605999708175659,1.563099980354309,0.5479999780654907,3.210000038146973,0.9009000062942504,1.75,0.6351999640464783,2.549999952316284,0.7342999577522278,1.819999933242798,0.6556999683380127
2023-01-30 02:43:51,2.799999952316284,0.8060999512672424,1.799999952316284,0.6155999898910522,3.399999856948853,0.9414999485015868,1.959999918937683,0.5997999906539917,2.490000009536743,0.7312999963760376,1.483500003814697,0.5306999683380127
2023-01-30 02:48:52,10.56999969482422,3.429999828338623,2.180000066757202,0.7712000012397766,15.21000003814697,5.259999752044678,2.539999961853027,0.8880999684333801,21.04999923706055,7.849999904632568,2.289999961853027,0.8970999717712402
2023-01-30 02:53:51,3.009999990463257,0.8035999536514282,2.269999980926514,0.7746999859809875,3.199999809265137,0.8976999521255493,3.319999933242798,0.9122999906539916,6.909999847412109,0.7717999815940857,1.624799966812134,0.5738999843597412
2023-01-30 02:58:51,13.42999935150146,4.230000019073486,3.559999942779541,1.178799986839294,20.85000038146973,5.210000038146973,2.720000028610229,1.046000003814697,41.18999862670898,13.34000015258789,2.599999904632568,0.9539999961853028
2023-01-30 03:03:51,3.169999837875366,0.7996999621391296,2.210000038146973,0.7471999526023865,3.529999971389771,0.9323999881744384,2.119999885559082,0.7213000059127808,2.490000009536743,0.7300999760627747,1.413100004196167,0.5759999752044678
2023-01-30 03:08:51,3.069999933242798,0.7975999712944031,1.649999976158142,0.5699999928474426,3.089999914169312,0.9121999740600586,1.633899927139282,0.5421000123023987,7.170000076293945,0.7502999901771545,1.418399930000305,0.4384999871253967
2023-01-30 03:13:51,3.059999942779541,0.8165000081062317,2.669999837875366,0.7368999719619751,3.0,0.9359999895095824,2.220000028610229,0.675599992275238,2.549999952316284,0.7340999841690063,1.484899997711182,0.4852999746799469
2023-01-30 03:18:51,2.919999837875366,0.8148999810218811,1.335299968719482,0.48089998960495,3.25,0.946999967098236,1.769999980926514,0.5817999839782715,2.789999961853027,0.7888999581336975,1.396799921989441,0.5281999707221985
2023-01-30 03:23:51,8.75,2.990000009536743,2.419999837875366,0.9023999571800232,14.55999946594238,4.589999675750732,2.259999990463257,0.8116999864578247,14.6899995803833,4.909999847412109,2.470000028610229,0.927299976348877
2023-01-30 03:28:51,2.669999837875366,0.8125,1.889999985694885,0.6407999992370605,3.139999866485596,0.9380999803543092,1.779999971389771,0.5860999822616577,2.409999847412109,0.7335999608039856,1.41159999370575,0.5342999696731567
2023-01-30 03:43:51,2.480000019073486,0.7902999520301819,1.740000009536743,0.6305999755859375,3.079999923706055,0.9122999906539916,1.71999990940094,0.5842999815940857,2.569999933242798,0.7356999516487122,1.530399918556213,0.4599999785423279
2023-01-30 03:43:51,2.839999914169312,0.8152999877929688,1.709999918937683,0.6617000102996826,3.240000009536743,0.9031999707221984,1.809999942779541,0.6549999713897705,2.329999923706055,0.7594000101089478,1.535899996757507,0.5059999823570251
2023-01-30 03:43:52,13.71000003814697,4.139999866485596,3.309999942779541,1.293099999427795,18.02000045776367,5.130000114440918,2.259999990463257,0.7971999645233154,40.36000061035156,13.19999980926514,1.939999938011169,0.713699996471405
2023-01-30 03:48:52,2.960000038146973,0.8144999742507935,1.75,0.5866999626159668,3.699999809265137,0.9456999897956848,2.119999885559082,0.6532999873161316,2.539999961853027,0.7364999651908875,1.679999947547913,0.5681999921798706
2023-01-30 03:53:52,2.859999895095825,0.8084999918937683,2.089999914169312,0.7512999773025513,3.359999895095825,0.9093999862670898,1.889999985694885,0.6352999806404114,2.460000038146973,0.7315999865531921,1.427099943161011,0.4905999898910522
2023-01-30 04:03:52,5.190000057220459,1.348199963569641,1.96999990940094,0.6660000085830688,5.759999752044678,1.432299971580505,1.860000014305115,0.54339998960495,3.559999942779541,0.9985999464988708,1.679999947547913,0.5374999642372131
2023-01-30 04:03:52,7.859999656677246,2.789999961853027,2.990000009536743,1.054899930953979,13.26999950408936,4.230000019073486,3.009999990463257,0.9156999588012696,12.72999954223633,4.199999809265137,2.759999990463257,0.939300000667572
2023-01-30 04:08:52,3.240000009536743,0.889799952507019,1.96999990940094,0.5891000032424927,3.599999904632568,0.904699981212616,1.639999985694885,0.6182000041007996,2.559999942779541,0.7911999821662903,1.730000019073486,0.6111999750137329
2023-01-30 04:13:52,2.929999828338623,0.8061999678611755,1.909999966621399,0.8053999543190002,3.129999876022339,0.9299999475479126,1.939999938011169,0.6988999843597412,2.529999971389771,0.7389999628067017,1.290899991989136,0.5187999606132507
2023-01-30 04:18:52,3.369999885559082,0.9258999824523926,1.799999952316284,0.6159999966621399,3.429999828338623,0.9335999488830566,1.949999928474426,0.6631999611854553,2.799999952316284,0.7781999707221985,1.639999985694885,0.5212999582290649
2023-01-30 04:23:52,3.029999971389771,0.8104999661445618,2.009999990463257,0.767300009727478,3.199999809265137,0.9366999864578248,2.269999980926514,0.7750999927520752,7.389999866485596,0.7871999740600586,2.589999914169312,0.5925999879837036
2023-01-30 04:28:52,12.98999977111816,3.809999942779541,3.049999952316284,0.9513999819755554,16.43000030517578,4.559999942779541,3.429999828338623,1.267799973487854,37.13999938964844,12.36999988555908,2.849999904632568,0.982699990272522
2023-01-30 04:33:52,2.950000047683716,0.7990999817848206,2.899999856948853,0.9554999470710754,3.169999837875366,0.886199951171875,2.779999971389771,0.9886999726295472,2.539999961853027,0.7437999844551086,1.659999966621399,0.519599974155426
2023-01-30 04:43:52,2.960000038146973,0.8517000079154968,1.709999918937683,0.6403999924659729,3.099999904632568,0.9287999868392944,1.860000014305115,0.6301000118255615,2.569999933242798,0.7477999925613403,1.709999918937683,0.5381999611854553
2023-01-30 04:43:53,11.30999946594238,3.470000028610229,2.679999828338623,0.9146999716758728,14.84999942779541,5.309999942779541,2.009999990463257,0.7685999870300293,22.17000007629395,8.050000190734863,2.909999847412109,1.269299983978271
2023-01-30 04:48:52,3.099999904632568,0.7998999953269958,1.889999985694885,0.6166999936103821,3.240000009536743,0.9490999579429626,2.429999828338623,0.8751999735832214,2.629999876022339,0.7299999594688416,1.870000004768372,0.6111999750137329
2023-01-30 04:53:52,5.829999923706055,1.679999947547913,1.71999990940094,0.6459999680519104,7.710000038146973,2.009999990463257,1.5867999792099,0.6194999814033508,6.569999694824219,1.378299951553345,1.398000001907349,0.4943999946117401
2023-01-30 05:03:53,2.829999923706055,0.8152999877929688,1.689999938011169,0.5866999626159668,3.159999847412109,0.8976999521255493,1.919999957084656,0.6448999643325806,2.669999837875366,0.7542999982833862,1.352699995040894,0.4966999888420105
2023-01-30 05:13:52,5.230000019073486,1.362599968910217,1.71999990940094,0.6243000030517578,5.380000114440918,1.403299927711487,1.649999976158142,0.5224999785423279,3.259999990463257,0.976099967956543,1.331499934196472,0.5148999691009521
2023-01-30 05:13:52,6.25,1.699999928474426,1.730000019073486,0.5819999575614929,9.4399995803833,2.009999990463257,2.069999933242798,0.691100001335144,5.659999847412109,1.364699959754944,1.809999942779541,0.5785999894142151
2023-01-30 05:13:53,2.759999990463257,0.7968999743461609,1.71999990940094,0.5961999893188477,3.349999904632568,0.9321999549865724,2.129999876022339,0.7307999730110168,2.659999847412109,0.7404999732971191,1.829999923706055,0.5336999893188477
2023-01-30 05:23:53,2.919999837875366,0.7996000051498413,1.740000009536743,0.6308000087738037,3.599999904632568,0.9375,2.339999914169312,0.75,2.369999885559082,0.7281999588012695,1.639999985694885,0.5166999697685242
2023-01-30 05:23:53,2.849999904632568,0.8132999539375305,1.870000004768372,0.6505999565124512,3.139999866485596,0.9235000014305116,2.220000028610229,0.8361999988555908,2.559999942779541,0.7317000031471252,1.572299957275391,0.4937999844551086
2023-01-30 05:28:53,3.759999990463257,0.9346999526023864,1.509799957275391,0.5051999688148499,3.579999923706055,0.9569000005722046,1.492799997329712,0.4979999959468842,7.079999923706055,0.8205999732017517,1.71999990940094,0.5303999781608582
2023-01-30 05:53:53,3.519999980926514,0.9495999813079834,1.919999957084656,0.5776000022888184,3.490000009536743,1.002499938011169,1.659999966621399,0.5780999660491943,2.769999980926514,0.7989999651908875,1.489199995994568,0.5220999717712402
2023-01-30 05:53:53,2.889999866485596,0.8127999901771545,2.169999837875366,0.8805999755859375,3.679999828338623,0.9178999662399292,1.959999918937683,0.7038999795913696,2.629999876022339,0.7507999539375305,1.405799984931946,0.5223000049591064
2023-01-30 05:53:53,2.649999856948853,0.7919999957084656,2.139999866485596,0.7714999914169312,3.099999904632568,0.930899977684021,2.419999837875366,0.7689999938011169,2.609999895095825,0.7238999605178833,2.019999980926514,0.6146000027656555
2023-01-30 05:53:54,2.789999961853027,0.8129000067710876,1.75,0.611299991607666,3.490000009536743,0.9072999954223632,2.009999990463257,0.6466000080108643,2.440000057220459,0.7473999857902527,1.376599907875061,0.4941999912261963
2023-01-30 05:53:55,3.129999876022339,0.8148999810218811,2.230000019073486,0.7543999552726746,3.109999895095825,0.9293999671936036,1.730000019073486,0.6065999865531921,7.529999732971191,0.7738999724388123,2.159999847412109,0.5873000025749207
2023-01-30 06:03:54,2.879999876022339,0.7986999750137329,2.029999971389771,0.7996999621391296,3.269999980926514,0.9362999796867372,1.799999952316284,0.5216000080108643,2.490000009536743,0.7430999875068665,1.549600005149841,0.489799976348877
2023-01-30 06:03:54,15.42000007629395,4.199999809265137,2.799999952316284,0.8995999693870544,18.57999992370605,5.460000038146973,2.669999837875366,0.9864999651908876,39.02000045776367,13.51999950408936,2.159999847412109,0.7881999611854553
2023-01-30 06:13:53,2.789999961853027,0.812999963760376,2.049999952316284,0.7720999717712402,3.279999971389771,0.9164999723434448,1.839999914169312,0.6240000128746033,2.409999847412109,0.7375999689102173,1.487100005149841,0.5044999718666077
2023-01-30 06:13:54,8.359999656677246,2.240000009536743,6.759999752044678,1.576200008392334,10.48999977111816,3.019999980926514,5.96999979019165,1.278599977493286,8.800000190734863,2.240000009536743,4.409999847412109,1.001500010490417
2023-01-30 06:18:53,13.88000011444092,4.239999771118164,3.159999847412109,1.096699953079224,18.60999870300293,5.25,2.379999876022339,0.8867999911308289,41.11999893188477,13.26999950408936,2.039999961853027,0.8269999623298645
2023-01-30 06:23:54,2.679999828338623,0.7823999524116516,1.628099918365479,0.5108000040054321,3.819999933242798,0.9490999579429626,1.899999976158142,0.6107999682426453,2.349999904632568,0.7287999987602234,1.240100026130676,0.4371999800205231
2023-01-30 06:28:54,2.700000047683716,0.819599986076355,2.569999933242798,0.9484999775886536,3.259999990463257,0.926699995994568,1.789999961853027,0.676099956035614,2.429999828338623,0.75,1.679999947547913,0.5026999711990356
2023-01-30 06:33:54,2.93999981880188,0.8367999792098999,1.829999923706055,0.7466999888420105,3.089999914169312,0.9455999732017516,1.588299989700317,0.5074999928474426,2.379999876022339,0.7508999705314636,1.279799938201904,0.4227999746799469
2023-01-30 06:38:54,2.759999990463257,0.7616999745368958,1.71999990940094,0.5626999735832214,3.119999885559082,0.9226999878883362,1.949999928474426,0.734499990940094,2.720000028610229,0.7493999600410461,1.625800013542175,0.5415999889373779
2023-01-30 06:43:54,3.019999980926514,0.8057999610900879,2.009999990463257,0.6333000063896179,3.129999876022339,0.9375999569892884,2.210000038146973,0.699999988079071,2.509999990463257,0.7371999621391296,1.550899982452393,0.5066999793052673
2023-01-30 06:48:54,2.679999828338623,0.7996000051498413,1.909999966621399,0.7924999594688416,3.18999981880188,0.9092999696731568,1.541999936103821,0.5717999935150146,2.710000038146973,0.7373999953269958,1.275099992752075,0.4449999928474426
2023-01-30 06:53:54,2.829999923706055,0.7890999913215637,1.899999976158142,0.7139999866485596,3.609999895095825,0.9199000000953674,2.569999933242798,0.777899980545044,2.539999961853027,0.7409999966621399,1.467899918556213,0.4670999944210052
2023-01-30 07:03:54,2.819999933242798,0.8069999814033508,2.669999837875366,0.9630999565124512,3.129999876022339,0.930799961090088,1.909999966621399,0.6323999762535095,2.339999914169312,0.7264999747276306,1.605599999427795,0.4749999940395355
2023-01-30 07:08:54,11.96000003814697,3.959999799728394,5.289999961853027,1.699999928474426,18.8799991607666,4.960000038146973,3.389999866485596,1.373799920082092,36.05999755859375,12.59999942779541,2.93999981880188,1.151299953460693
2023-01-30 07:08:55,6.779999732971191,2.190000057220459,1.870000004768372,0.6189000010490417,11.0,3.129999876022339,1.860000014305115,0.701200008392334,8.649999618530273,2.269999980926514,1.96999990940094,0.6836999654769897
2023-01-30 07:13:54,2.889999866485596,0.7911999821662903,2.429999828338623,0.7328999638557434,3.159999847412109,0.927299976348877,2.129999876022339,0.6595999598503113,2.460000038146973,0.733299970626831,1.198499917984009,0.4587999880313873
2023-01-30 07:18:54,3.039999961853027,0.8109999895095825,2.079999923706055,0.776699960231781,3.669999837875366,0.9612999558448792,1.860000014305115,0.7376999855041504,2.609999895095825,0.7515000104904175,1.527699947357178,0.4684999883174896
2023-01-30 07:23:54,9.469999313354492,3.039999961853027,2.230000019073486,0.6671000123023987,14.90999984741211,4.809999942779541,2.419999837875366,0.8881999850273132,16.63999938964844,5.579999923706055,2.159999847412109,0.8343999981880188
2023-01-30 07:28:55,3.559999942779541,1.070199966430664,2.069999933242798,0.6762999892234802,3.859999895095825,1.091300010681152,1.611599922180176,0.5925999879837036,7.909999847412109,0.8876000046730042,2.950000047683716,0.6754999756813049
2023-01-30 07:38:55,2.879999876022339,0.8208999633789062,2.099999904632568,0.8324999809265137,3.519999980926514,0.9180999994277954,2.180000066757202,0.7057999968528748,2.609999895095825,0.7407999634742737,1.626399993896484,0.521399974822998
2023-01-30 07:38:55,2.990000009536743,0.8083999752998352,2.339999914169312,0.823199987411499,3.210000038146973,0.9067999720573424,1.799999952316284,0.6419999599456787,2.429999828338623,0.7468000054359436,1.909999966621399,0.5943999886512756
2023-01-30 07:43:55,3.299999952316284,0.8428999781608582,1.889999985694885,0.5636999607086182,3.259999990463257,0.9319999814033508,1.769999980926514,0.6229999661445618,2.710000038146973,0.7670999765396118,1.519999980926514,0.4998999834060669
2023-01-30 07:48:55,2.75,0.8161999583244324,1.899999976158142,0.8244999647140503,3.299999952316284,0.9390999674797058,1.740000009536743,0.6114000082015991,2.480000019073486,0.7274999618530273,1.389500021934509,0.4860000014305115
2023-01-30 07:53:55,12.46000003814697,4.009999752044678,3.379999876022339,1.178099989891052,17.10000038146973,5.599999904632568,2.809999942779541,1.005100011825562,35.31999969482422,12.21000003814697,2.059999942779541,0.6898999810218811
2023-01-30 07:58:55,2.740000009536743,0.8478999733924866,2.269999980926514,0.7576000094413757,3.359999895095825,0.9297999739646912,1.870000004768372,0.602400004863739,2.599999904632568,0.738099992275238,1.442600011825562,0.5378000140190125
2023-01-30 08:03:55,2.690000057220459,0.8394999504089355,2.019999980926514,0.7865999937057495,3.079999923706055,0.9517999887466432,2.019999980926514,0.613099992275238,2.659999847412109,0.7580999732017517,1.607899904251099,0.5464000105857849
2023-01-30 08:08:55,2.960000038146973,0.8112999796867371,1.425799965858459,0.4928999841213226,3.220000028610229,0.9075999855995178,1.860000014305115,0.5241999626159668,2.879999876022339,0.7626999616622925,1.583799958229065,0.593999981880188
2023-01-30 08:13:55,2.919999837875366,0.8199999928474426,2.139999866485596,0.7465999722480774,3.509999990463257,0.948099970817566,2.190000057220459,0.7360000014305115,2.619999885559082,0.7409999966621399,1.468799948692322,0.5202000141143799
2023-01-30 08:23:55,2.970000028610229,0.8203999996185303,1.789999961853027,0.7512999773025513,3.199999809265137,0.9127999544143676,1.730000019073486,0.5564000010490417,2.259999990463257,0.7547999620437622,1.392899990081787,0.4714999794960022
2023-01-30 08:23:56,9.789999961853027,3.169999837875366,2.25,0.79339998960495,15.01999950408936,4.949999809265137,2.519999980926514,0.9042999744415284,17.36999893188477,6.190000057220459,2.659999847412109,0.9079999923706056
2023-01-30 08:28:55,2.669999837875366,0.8315999507904053,2.200000047683716,0.8854999542236328,3.169999837875366,0.9267999529838562,1.879999995231628,0.621999979019165,2.460000038146973,0.7523999810218811,1.582299947738647,0.604699969291687
2023-01-30 08:33:55,4.589999675750732,1.224399924278259,1.71999990940094,0.6108999848365784,6.139999866485596,1.258999943733215,1.453400015830994,0.5299000144004822,3.299999952316284,0.9030999541282654,1.699999928474426,0.524399995803833
2023-01-30 08:38:55,2.779999971389771,0.7750999927520752,1.829999923706055,0.7056999802589417,3.299999952316284,0.9447999596595764,1.623199939727783,0.6270999908447266,2.649999856948853,0.7590999603271484,1.561599969863892,0.5559999942779541
2023-01-30 08:43:55,12.44999980926514,4.019999980926514,4.130000114440918,1.613799929618835,16.52999877929688,5.609999656677246,2.519999980926514,0.8919000029563904,33.80999755859375,11.31999969482422,2.629999876022339,0.8641999959945679
2023-01-30 08:48:56,2.889999866485596,0.8173999786376953,1.909999966621399,0.7364000082015991,3.470000028610229,0.9437999725341796,2.230000019073486,0.7878999710083008,2.710000038146973,0.7396000027656555,1.541299939155579,0.5615999698638916
2023-01-30 08:53:56,12.59999942779541,4.150000095367432,3.480000019073486,1.185099959373474,18.6299991607666,5.019999980926514,2.859999895095825,0.921999990940094,39.36000061035156,12.86999988555908,2.609999895095825,0.8452999591827393
2023-01-30 08:58:56,3.339999914169312,0.8377999663352966,1.919999957084656,0.7470999956130981,3.319999933242798,0.8335999846458435,1.669999957084656,0.5825999975204468,2.589999914169312,0.7559999823570251,1.384699940681458,0.4892999827861786
2023-01-30 09:03:56,3.429999828338623,0.9317999482154846,2.039999961853027,0.7738999724388123,3.75,0.9666000008583068,1.475099921226501,0.5192999839782715,2.929999828338623,0.7896999716758728,1.870000004768372,0.5432999730110168
2023-01-30 09:08:56,10.34999942779541,2.93999981880188,1.799999952316284,0.7439000010490417,13.80999946594238,4.429999828338623,1.860000014305115,0.6789999604225159,15.44999980926514,4.71999979019165,2.0,0.7123000025749207
2023-01-30 09:13:56,2.690000057220459,0.7964999675750732,1.939999938011169,0.7587999701499939,3.169999837875366,0.9375,1.689999938011169,0.57669997215271,2.589999914169312,0.7312999963760376,1.669999957084656,0.6216999888420105
2023-01-30 09:18:56,2.740000009536743,0.793999969959259,1.625399947166443,0.6961999535560608,3.240000009536743,0.9435999989509584,2.039999961853027,0.7238999605178833,2.529999971389771,0.7389000058174133,1.442899942398071,0.5085999965667725
2023-01-30 09:23:56,2.980000019073486,0.7919999957084656,1.819999933242798,0.7409999966621399,3.049999952316284,0.9690999984741212,1.839999914169312,0.6639999747276306,2.589999914169312,0.7432000041007996,1.596699953079224,0.5724999904632568
2023-01-30 09:28:56,2.589999914169312,0.7815999984741211,1.879999995231628,0.6915000081062317,3.419999837875366,0.9495999813079834,2.169999837875366,0.8050999641418457,2.419999837875366,0.7455999851226807,1.679999947547913,0.62909996509552
2023-01-30 09:43:56,3.009999990463257,0.8327999711036682,2.119999885559082,0.7105000019073486,3.269999980926514,0.9248999953269958,1.730000019073486,0.6263999938964844,2.409999847412109,0.7384999990463257,1.699999928474426,0.6146999597549438
2023-01-30 09:43:56,2.899999856948853,0.8367999792098999,1.789999961853027,0.6294999718666077,3.220000028610229,0.9221999645233154,1.582799911499023,0.597599983215332,2.589999914169312,0.7373999953269958,1.486499905586243,0.4829999804496765
2023-01-30 09:43:57,2.769999980926514,0.8152999877929688,1.779999971389771,0.6829999685287476,3.25,0.930899977684021,2.159999847412109,0.6804999709129333,2.460000038146973,0.7342000007629395,1.506699919700623,0.5246999859809875
2023-01-30 09:48:57,2.700000047683716,0.842799961566925,2.240000009536743,0.7583999633789062,3.449999809265137,0.9178999662399292,1.769999980926514,0.6430999636650085,2.599999904632568,0.7346000075340271,1.457099914550781,0.4879999756813049
2023-01-30 09:53:57,3.109999895095825,0.8428999781608582,2.210000038146973,0.7224000096321106,3.289999961853027,0.9217000007629396,1.990000009536743,0.7037999629974365,2.359999895095825,0.7364000082015991,1.75,0.6184999942779541
2023-01-30 09:58:57,4.699999809265137,1.234399914741516,1.577399969100952,0.545199990272522,5.96999979019165,1.318400025367737,1.517300009727478,0.5414999723434448,3.319999933242798,0.8894000053405762,1.730000019073486,0.5223999619483948
2023-01-30 10:03:57,2.829999923706055,0.8095999956130981,2.0,0.6507999897003174,3.389999866485596,0.9381999969482422,1.510699987411499,0.5454999804496765,2.559999942779541,0.7439000010490417,1.71999990940094,0.552299976348877
2023-01-30 10:08:57,2.929999828338623,0.8521999716758728,2.429999828338623,0.8226999640464783,3.359999895095825,0.9244999885559082,1.649999976158142,0.6136999726295471,2.539999961853027,0.7430999875068665,1.449599981307983,0.4994999766349792
2023-01-30 10:13:57,11.51999950408936,3.819999933242798,2.559999942779541,0.9032999873161316,16.54999923706055,5.460000038146973,2.659999847412109,0.848800003528595,25.54999923706055,8.5,2.0,0.7523999810218811
2023-01-30 10:18:57,2.829999923706055,0.8234999775886536,2.440000057220459,0.861299991607666,3.349999904632568,0.9539999961853028,1.949999928474426,0.5776000022888184,2.579999923706055,0.7382999658584595,1.554399967193604,0.5421000123023987
2023-01-30 10:23:57,13.39999961853027,4.25,3.019999980926514,1.06849992275238,19.55999946594238,5.299999713897705,2.559999942779541,0.9169999957084656,38.54999923706055,12.82999992370605,3.159999847412109,0.8912000060081482
2023-01-30 10:28:57,2.919999837875366,0.7971999645233154,1.71999990940094,0.6169999837875366,3.470000028610229,0.9592999815940856,2.119999885559082,0.6337999701499939,2.539999961853027,0.7479999661445618,1.369499921798706,0.5149999856948853
2023-01-30 10:33:57,3.059999942779541,0.7888999581336975,1.604099988937378,0.5651000142097473,3.480000019073486,0.950499951839447,2.099999904632568,0.7820999622344971,7.299999713897705,0.7901999950408936,2.259999990463257,0.539900004863739
2023-01-30 10:38:57,10.34999942779541,3.299999952316284,2.519999980926514,0.8398000001907349,15.42999935150146,4.730000019073486,2.339999914169312,0.8118000030517578,16.95999908447266,5.619999885559082,2.609999895095825,0.948199987411499
2023-01-30 10:43:58,2.659999847412109,0.7680000066757202,2.139999866485596,0.924299955368042,3.220000028610229,0.9329999685287476,1.959999918937683,0.6627999544143677,6.710000038146973,0.7475000023841858,1.679999947547913,0.5742999911308289
2023-01-30 10:48:57,2.829999923706055,0.8046999573707581,1.979999899864197,0.7906999588012695,3.639999866485596,0.946299970149994,2.159999847412109,0.7282999753952026,2.669999837875366,0.7480999827384949,1.574000000953674,0.5618000030517578
2023-01-30 10:53:57,3.169999837875366,0.8095999956130981,2.009999990463257,0.6279999613761902,3.589999914169312,0.9398999810218812,2.629999876022339,0.8086999654769897,2.720000028610229,0.7443999648094177,1.709999918937683,0.593999981880188
2023-01-30 10:58:58,11.22999954223633,3.959999799728394,2.690000057220459,1.038800001144409,16.76000022888184,5.440000057220459,2.889999866485596,0.8467999696731567,24.09000015258789,8.130000114440918,2.349999904632568,0.9847999811172484
2023-01-30 11:03:57,2.579999923706055,0.7640999555587769,1.649999976158142,0.5843999981880188,3.359999895095825,0.9473999738693236,1.511799931526184,0.5436999797821045,2.5,0.7572999596595764,1.769999980926514,0.5356000065803528
2023-01-30 11:08:58,2.839999914169312,0.778499960899353,2.119999885559082,0.6830999851226807,3.129999876022339,0.9398999810218812,2.089999914169312,0.7595999836921692,2.619999885559082,0.7408999800682068,1.536799907684326,0.496399998664856
2023-01-30 11:13:58,12.36999988555908,4.089999675750732,4.009999752044678,1.200099945068359,17.38999938964844,4.730000019073486,4.369999885559082,1.649999976158142,33.36000061035156,11.30000019073486,2.859999895095825,0.9359999895095824
2023-01-30 11:23:58,11.35999965667725,3.980000019073486,2.789999961853027,1.054799914360046,17.44000053405762,5.380000114440918,2.929999828338623,0.973699986934662,24.39999961853027,7.949999809265137,3.079999923706055,1.022199988365173
2023-01-30 11:23:58,3.019999980926514,0.8201999664306641,1.919999957084656,0.7364999651908875,3.0,0.9210000038146972,2.259999990463257,0.6976999640464783,2.730000019073486,0.7347999811172485,1.475299954414368,0.4208999872207642
2023-01-30 11:28:58,4.960000038146973,1.246299982070923,1.870000004768372,0.6990000009536743,6.079999923706055,1.288399934768677,1.530399918556213,0.5336999893188477,3.0,0.9018999934196472,2.0,0.6200000047683716
2023-01-30 11:38:58,13.51999950408936,4.309999942779541,3.539999961853027,1.260599970817566,19.14999961853027,5.259999752044678,3.009999990463257,1.060400009155273,38.70000076293945,12.34999942779541,2.149999856948853,0.683899998664856
2023-01-30 11:38:58,2.839999914169312,0.8069999814033508,1.699999928474426,0.6207999587059021,3.109999895095825,0.9353999495506288,2.019999980926514,0.7148999571800232,2.569999933242798,0.7400000095367432,1.839999914169312,0.6459000110626221
2023-01-30 11:43:58,2.789999961853027,0.8246999979019165,1.849999904632568,0.729200005531311,3.25,0.920699954032898,2.230000019073486,0.795699954032898,2.759999990463257,0.7232999801635742,1.412099957466125,0.51419997215271
2023-01-30 11:48:58,9.9399995803833,3.669999837875366,2.690000057220459,1.102499961853027,15.96999931335449,4.940000057220459,2.109999895095825,0.7595999836921692,20.78999900817871,6.839999675750732,2.629999876022339,0.9749999642372132
2023-01-30 11:53:58,3.199999809265137,0.8587999939918518,2.200000047683716,0.7303999662399292,3.839999914169312,0.8913999795913696,1.623699903488159,0.6033999919891357,2.569999933242798,0.7745999693870544,1.313499927520752,0.4608999788761139
2023-01-30 11:58:58,13.98999977111816,4.389999866485596,2.889999866485596,1.053399920463562,16.98999977111816,5.519999980926514,2.669999837875366,0.9643999934196472,34.13999938964844,10.51000022888184,2.419999837875366,0.7874000072479248
2023-01-30 12:08:58,2.839999914169312,0.785099983215332,1.919999957084656,0.6656999588012695,3.389999866485596,0.9483999609947203,1.889999985694885,0.6972000002861023,2.389999866485596,0.7322999835014343,1.349699974060059,0.4700999855995178
2023-01-30 12:08:59,7.139999866485596,2.460000038146973,2.139999866485596,0.7907999753952026,10.85999965667725,3.069999933242798,1.990000009536743,0.7339999675750732,8.90999984741211,2.960000038146973,2.470000028610229,0.8260999917984009
2023-01-30 12:13:58,2.779999971389771,0.7780999541282654,1.789999961853027,0.6370999813079834,3.339999914169312,0.9478999972343444,1.799999952316284,0.6150999665260315,2.460000038146973,0.7432999610900879,1.251699924468994,0.449999988079071
2023-01-30 12:18:59,2.539999961853027,0.786300003528595,1.839999914169312,0.6067999601364136,3.259999990463257,0.9839999675750732,1.819999933242798,0.6155999898910522,2.589999914169312,0.7543999552726746,1.301299929618835,0.4651999771595001
2023-01-30 12:23:59,3.169999837875366,0.7960999608039856,1.909999966621399,0.760699987411499,3.639999866485596,0.9697999954223632,1.679999947547913,0.6150999665260315,2.480000019073486,0.771399974822998,1.610399961471558,0.5170999765396118
2023-01-30 12:28:59,12.77999973297119,4.440000057220459,3.220000028610229,1.130200028419495,16.30999946594238,5.460000038146973,2.649999856948853,0.854200005531311,31.18999862670898,9.380000114440918,2.710000038146973,0.8585999608039856
2023-01-30 12:33:59,3.329999923706055,0.9362999796867372,1.740000009536743,0.5473999977111816,3.539999961853027,0.9259999990463256,1.341799974441528,0.4007999897003174,2.700000047683716,0.7913999557495117,1.659999966621399,0.6237999796867371
2023-01-30 12:38:59,3.029999971389771,0.780299961566925,1.75,0.5691999793052673,3.599999904632568,0.946299970149994,1.819999933242798,0.6028000116348267,2.599999904632568,0.7343999743461609,1.590199947357178,0.5446000099182129
2023-01-30 12:48:59,7.269999980926514,2.389999866485596,1.990000009536743,0.7124999761581421,9.719999313354492,2.909999847412109,1.819999933242798,0.5967999696731567,9.229999542236328,2.659999847412109,2.259999990463257,0.7594000101089478
2023-01-30 12:48:59,12.17999935150146,4.25,3.210000038146973,1.13129997253418,16.57999992370605,5.289999961853027,2.25,0.8721999526023865,27.45999908447266,8.559999465942383,2.589999914169312,0.875499963760376
2023-01-30 12:53:59,2.569999933242798,0.7924999594688416,2.200000047683716,0.8355000019073486,3.389999866485596,0.9573999643325806,1.96999990940094,0.6096000075340271,2.490000009536743,0.7429999709129333,1.604499936103821,0.5697000026702881
2023-01-30 12:58:59,13.17000007629395,4.400000095367432,3.619999885559082,1.295099973678589,16.60000038146973,5.449999809265137,3.409999847412109,1.021299958229065,34.16999816894531,10.13999938964844,2.669999837875366,1.015799999237061
2023-01-30 13:03:59,5.25,1.297799944877625,2.049999952316284,0.6664999723434448,6.039999961853027,1.29419994354248,1.591499924659729,0.5674999952316284,3.179999828338623,0.9358999729156494,1.709999918937683,0.5268999934196472
2023-01-30 13:08:59,3.059999942779541,0.7955999970436096,2.230000019073486,0.8851000070571899,3.319999933242798,0.9541999697685242,2.069999933242798,0.6965999603271484,2.579999923706055,0.7432999610900879,2.129999876022339,0.6548999547958374
